image_width: 1280
image_height: 720
camera_name: narrow_stereo/left
camera_matrix:
  rows: 3
  cols: 3
  data: [680.384671, 0.000000, 636.072305, 0.000000, 679.351353, 357.174961, 0.000000, 0.000000, 1.000000]
distortion_model: plumb_bob
distortion_coefficients:
  rows: 1
  cols: 5
  data: [-0.176924, 0.023586, -0.001774, 0.001898, 0.000000]
rectification_matrix:
  rows: 3
  cols: 3
  data: [0.998889, 0.013223, -0.045228, -0.013120, 0.999911, 0.002567, 0.045258, -0.001970, 0.998973]
projection_matrix:
  rows: 3
  cols: 4
  data: [658.148662, 0.000000, 709.528778, 0.000000, 0.000000, 658.148662, 353.665455, 0.000000, 0.000000, 0.000000, 1.000000, 0.000000]
