[LEFT_CAM_2K]
cx=1122.54
cy=624.694
fx=1398.33
fy=1398.33
k1=-0.172661
k2=0.0245182

[LEFT_CAM_FHD]
cx=978.543
cy=543.694
fx=1398.33
fy=1398.33
k1=-0.172661
k2=0.0245182

[LEFT_CAM_HD]
cx=647.771
cy=360.347
fx=699.164
fy=699.164
k1=-0.172661
k2=0.0245182

[LEFT_CAM_VGA]
cx=339.386
cy=187.674
fx=349.582
fy=349.582
k1=-0.172661
k2=0.0245182

[RIGHT_CAM_2K]
cx=1132.62
cy=632.317
fx=1401.46
fy=1401.46
k1=-0.174852
k2=0.0271492

[RIGHT_CAM_FHD]
cx=988.618
cy=551.317
fx=1401.46
fy=1401.46
k1=-0.174852
k2=0.0271492

[RIGHT_CAM_HD]
cx=652.809
cy=364.158
fx=700.73
fy=700.73
k1=-0.174852
k2=0.0271492

[RIGHT_CAM_VGA]
cx=341.905
cy=189.579
fx=350.365
fy=350.365
k1=-0.174852
k2=0.0271492

[STEREO]
BaseLine=120
CV_2K=0.00466963
CV_FHD=0.00466963
CV_HD=0.00466963
CV_VGA=0.00466963
RX_2K=0.000734681
RX_FHD=0.000734681
RX_HD=0.000734681
RX_VGA=0.000734681
RZ_2K=-0.00146123
RZ_FHD=-0.00146123
RZ_HD=-0.00146123
RZ_VGA=-0.00146123
